0.0004 -0.0174 0.0003 
0.0057 -0.0163 -0.0029 
0.0100 -0.0131 -0.0061 
0.0100 -0.0120 -0.0082 
0.0089 -0.0120 -0.0114 
0.0089 -0.0120 -0.0125 
0.0079 -0.0152 -0.0146 
0.0068 -0.0163 -0.0157 
0.0068 -0.0120 -0.0157 
0.0100 -0.0057 -0.0136 
0.0153 -0.0014 -0.0146 
0.0174 0.0018 -0.0178 
0.0174 0.0029 -0.0200 
-0.0071 0.0050 -0.0093 
-0.1072 0.0039 0.0088 
-0.3394 0.0018 0.0163 
-0.6558 0.0082 0.0141 
-0.9296 0.0327 0.0525 
-1.1000 0.0551 0.0844 
-1.1021 0.0604 0.0748 
-0.9732 0.0583 0.0376 
-0.7847 0.0551 0.0003 
-0.5876 0.0551 -0.0232 
-0.4065 0.0540 -0.0466 
-0.2233 0.0508 -0.0722 
-0.0443 0.0455 -0.1009 
0.1229 0.0359 -0.1254 
0.2997 0.0242 -0.1648 
0.5234 0.0146 -0.2085 
0.7131 0.0061 -0.2288 
0.8121 -0.0025 -0.2277 
0.8398 -0.0067 -0.2032 
0.7930 -0.0014 -0.1638 
0.6918 0.0082 -0.1031 
0.5405 0.0156 -0.0360 
0.3669 0.0178 0.0269 
0.1826 0.0178 0.0727 
-0.0156 0.0188 0.1121 
-0.2340 0.0231 0.1473 
-0.4481 0.0338 0.1899 
-0.6462 0.0391 0.2389 
-0.8422 0.0242 0.2687 
-0.9892 0.0018 0.2772 
-0.9946 -0.0206 0.2591 
-0.8582 -0.0366 0.2229 
-0.6611 -0.0451 0.1739 
-0.4598 -0.0440 0.1206 
-0.2659 -0.0344 0.0642 
-0.0678 -0.0216 0.0034 
0.1272 -0.0046 -0.0530 
0.3189 0.0125 -0.1095 
0.5458 0.0338 -0.1649 
0.7205 0.0583 -0.1894 
0.7898 0.0753 -0.1904 
0.7844 0.0902 -0.1713 
0.7397 0.1062 -0.1436 
0.6566 0.1200 -0.1020 
0.5181 0.1200 -0.0605 
0.3434 0.0998 -0.0296 
0.1581 0.0700 0.0045 
-0.0326 0.0391 0.0386 
-0.2308 0.0157 0.0748 
-0.4438 0.0029 0.1228 
-0.6888 0.0007 0.1803 
-0.9360 0.0018 0.2442 
-1.1203 -0.0057 0.2783 
-1.1820 -0.0184 0.2762 
-1.1277 -0.0312 0.2357 
-0.9392 -0.0387 0.1696 
-0.6643 -0.0408 0.0855 
-0.3810 -0.0334 0.0024 
-0.1242 -0.0184 -0.0466 
0.0750 -0.0035 -0.0807 
0.2113 0.0071 -0.1095 
0.3072 0.0146 -0.1265 
0.3722 0.0188 -0.1350 
0.4180 0.0199 -0.1350 
0.4553 0.0210 -0.1382 
0.4958 0.0188 -0.1425 
0.5128 0.0135 -0.1404 
0.5160 0.0071 -0.1350 
0.5171 0.0018 -0.1276 
0.5043 -0.0014 -0.1169 
0.4734 0.0007 -0.0892 
0.4201 0.0018 -0.0583 
0.3647 -0.0003 -0.0402 
0.3168 -0.0014 -0.0338 
0.2667 0.0018 -0.0243 
0.2135 0.0050 -0.0157 
0.1623 0.0050 -0.0147 
0.1218 0.0029 -0.0179 
0.0835 0.0071 -0.0061 
0.0345 0.0103 0.0258 
-0.0039 0.0007 0.0620 
-0.0241 -0.0089 0.0801 
-0.0102 -0.0014 0.0791 
0.0260 0.0124 0.0620 
0.0526 0.0220 0.0365 
0.0622 0.0263 0.0205 
0.0526 0.0284 0.0152 
0.0398 0.0274 0.0130 
0.0356 0.0220 0.0034 
0.0366 0.0124 -0.0061 
0.0377 0.0039 0.0013 
0.0281 -0.0035 0.0088 
0.0196 -0.0131 0.0109 
0.0089 -0.0259 0.0045 
