0.0036 0.0092 -0.0021 
0.0036 0.0060 -0.0010 
0.0026 -0.0004 -0.0021 
-0.0027 -0.0089 -0.0042 
-0.0081 -0.0143 -0.0031 
-0.0134 -0.0175 -0.0021 
-0.0145 -0.0196 -0.0031 
-0.0155 -0.0196 -0.0042 
-0.0091 -0.0164 -0.0042 
-0.0027 -0.0143 -0.0031 
0.0015 -0.0132 -0.0021 
0.0037 -0.0100 0.0001 
0.0037 0.0028 0.0033 
-0.0027 0.0560 -0.0010 
-0.0155 0.2084 -0.0138 
-0.0219 0.4523 -0.0180 
-0.0454 0.7389 -0.0404 
-0.0699 1.0734 -0.0649 
-0.0869 1.4462 -0.0958 
-0.0922 1.8169 -0.1363 
-0.1018 2.1131 -0.2034 
-0.0826 2.2952 -0.2428 
-0.0784 2.3112 -0.2620 
-0.0688 2.1621 -0.2418 
-0.0592 1.8936 -0.1959 
-0.0400 1.5794 -0.1267 
-0.0262 1.2577 -0.0734 
-0.0177 0.9317 -0.0415 
-0.0091 0.6142 -0.0170 
0.0090 0.2797 0.0139 
0.0196 -0.0931 0.0480 
0.0207 -0.4681 0.0970 
0.0132 -0.8196 0.1513 
0.0111 -1.0998 0.1982 
0.0218 -1.2553 0.2387 
0.0409 -1.2734 0.2504 
0.0569 -1.1829 0.2301 
0.0505 -1.0540 0.1769 
0.0271 -0.9102 0.1225 
-0.0059 -0.7142 0.0842 
-0.0230 -0.4393 0.0618 
-0.0411 -0.1091 0.0235 
-0.0496 0.2616 -0.0213 
-0.0453 0.6313 -0.0649 
-0.0336 0.9594 -0.1118 
-0.0251 1.2214 -0.1480 
-0.0240 1.3951 -0.1693 
-0.0208 1.4803 -0.1672 
-0.0251 1.4537 -0.1630 
-0.0294 1.3343 -0.1544 
-0.0283 1.1522 -0.1353 
-0.0347 0.9125 -0.1150 
-0.0400 0.6259 -0.0841 
-0.0496 0.3096 -0.0500 
-0.0571 -0.0175 -0.0096 
-0.0592 -0.3264 0.0352 
-0.0581 -0.6151 0.0735 
-0.0592 -0.8814 0.0970 
-0.0571 -1.1190 0.1247 
-0.0698 -1.3224 0.1577 
-0.0741 -1.4098 0.1992 
-0.0635 -1.3778 0.2323 
-0.0656 -1.3373 0.2067 
-0.0730 -1.2521 0.1566 
-0.0571 -1.0476 0.1343 
-0.0560 -0.7887 0.0895 
-0.0666 -0.5277 0.0405 
-0.0826 -0.2604 0.0054 
-0.0922 0.0443 -0.0191 
-0.0912 0.3895 -0.0383 
-0.0773 0.7240 -0.0586 
-0.0624 1.0073 -0.0948 
-0.0421 1.2523 -0.1278 
-0.0198 1.4462 -0.1523 
-0.0038 1.5549 -0.1630 
-0.0017 1.5826 -0.1587 
-0.0027 1.5762 -0.1395 
-0.0145 1.5091 -0.1278 
-0.0240 1.4121 -0.1097 
-0.0230 1.3173 -0.0916 
-0.0102 1.1969 -0.0713 
0.0207 1.0606 -0.0490 
0.0899 0.9338 -0.0159 
0.1315 0.7793 -0.0128 
0.1304 0.5972 -0.0181 
0.0868 0.4150 -0.0160 
0.0346 0.2584 0.0053 
0.0026 0.1242 0.0256 
-0.0198 -0.0100 0.0298 
-0.0379 -0.1368 0.0384 
-0.0475 -0.2316 0.0480 
-0.0453 -0.2976 0.0565 
-0.0464 -0.3509 0.0618 
-0.0517 -0.4063 0.0703 
-0.0571 -0.4436 0.0725 
-0.0368 -0.4489 0.0746 
-0.0038 -0.4596 0.0703 
0.0356 -0.5064 0.0746 
0.0591 -0.5672 0.0906 
0.0548 -0.6364 0.1097 
0.0271 -0.7142 0.1225 
0.0005 -0.7909 0.1342 
-0.0049 -0.8633 0.1374 
0.0047 -0.9517 0.1310 
0.0111 -1.0497 0.1289 
0.0005 -1.1254 0.1342 
-0.0134 -1.1520 0.1406 
-0.0198 -1.1871 0.1236 
-0.0176 -1.2468 0.0959 
-0.0166 -1.2575 0.0820 
-0.0155 -1.2042 0.0788 
-0.0219 -1.1296 0.0692 
-0.0336 -1.0604 0.0501 
-0.0357 -0.9592 0.0256 
-0.0230 -0.8260 -0.0021 
-0.0155 -0.7057 -0.0373 
-0.0155 -0.6140 -0.0565 
-0.0262 -0.5459 -0.0554 
-0.0336 -0.4617 -0.0405 
-0.0070 -0.3445 -0.0096 
0.0420 -0.2604 -0.0021 
0.0793 -0.2135 -0.0075 
0.0953 -0.1858 -0.0053 
0.0836 -0.1783 -0.0000 
0.0495 -0.1879 -0.0021 
0.0143 -0.2028 -0.0053 
-0.0091 -0.2092 -0.0053 
-0.0230 -0.2018 -0.0053 
-0.0283 -0.1890 -0.0075 
-0.0411 -0.1847 -0.0149 
-0.0539 -0.1943 -0.0202 
-0.0677 -0.2103 -0.0213 
-0.0709 -0.2210 -0.0192 
-0.0688 -0.2295 -0.0192 
-0.0624 -0.2359 -0.0202 
-0.0602 -0.2391 -0.0245 
-0.0507 -0.2359 -0.0213 
-0.0379 -0.2242 -0.0181 
-0.0230 -0.2050 -0.0149 
-0.0123 -0.1815 -0.0107 
-0.0038 -0.1592 -0.0043 
0.0015 -0.1411 0.0011 
0.0005 -0.1315 0.0053 
-0.0059 -0.1251 0.0096 
-0.0123 -0.1198 0.0128 
-0.0198 -0.1219 0.0085 
-0.0240 -0.1272 -0.0053 
-0.0230 -0.1336 -0.0192 
-0.0187 -0.1347 -0.0341 
