-0.0038 -0.0016 -0.0001 
-0.0048 -0.0037 -0.0001 
-0.0048 -0.0037 -0.0001 
-0.0080 -0.0026 -0.0001 
-0.0091 -0.0016 -0.0012 
-0.0069 0.0006 -0.0012 
-0.0038 0.0038 -0.0001 
-0.0006 0.0091 -0.0001 
0.0005 0.0123 -0.0012 
0.0016 0.0166 -0.0033 
0.0026 0.0144 -0.0054 
0.0058 0.0059 -0.0054 
0.0058 -0.0143 -0.0033 
0.0080 -0.0527 0.0020 
0.0112 -0.1198 0.0063 
0.0144 -0.2285 0.0180 
0.0186 -0.4106 0.0329 
0.0293 -0.6887 0.0435 
0.0346 -1.0338 0.0574 
0.0410 -1.3491 0.1064 
0.0314 -1.6027 0.1490 
0.0016 -1.7486 0.1788 
-0.0091 -1.7838 0.1916 
-0.0123 -1.7965 0.1437 
0.0069 -1.7635 0.1000 
0.0186 -1.6357 0.0840 
0.0240 -1.4269 0.0712 
0.0176 -1.2277 0.0318 
0.0144 -1.0178 -0.0172 
0.0037 -0.7323 -0.0513 
-0.0037 -0.3595 -0.0779 
-0.0304 0.0421 -0.1205 
-0.0634 0.4043 -0.1748 
-0.0868 0.6866 -0.2260 
-0.0986 0.8975 -0.2601 
-0.1060 1.0594 -0.2675 
-0.1188 1.1734 -0.2579 
-0.1348 1.2373 -0.2462 
-0.1401 1.2629 -0.2281 
-0.1444 1.2459 -0.2079 
-0.1444 1.1521 -0.1908 
-0.1401 0.9497 -0.1780 
-0.1177 0.6802 -0.1365 
-0.0922 0.3414 -0.0758 
-0.0719 -0.0921 -0.0289 
-0.0432 -0.5257 0.0318 
-0.0197 -0.8708 0.0968 
0.0048 -1.1286 0.1405 
0.0250 -1.3108 0.1629 
0.0421 -1.3960 0.1906 
0.0442 -1.4024 0.2151 
0.0335 -1.3172 0.2353 
0.0282 -1.1307 0.2577 
0.0261 -0.8708 0.2609 
-0.0101 -0.5172 0.2332 
-0.0517 -0.0506 0.2065 
-0.0954 0.4735 0.1458 
-0.1390 0.9838 0.0606 
-0.1635 1.3748 -0.0321 
-0.1625 1.5985 -0.1184 
-0.1358 1.7114 -0.1557 
-0.1113 1.7071 -0.1652 
-0.0964 1.5846 -0.1695 
-0.0815 1.3769 -0.1599 
-0.0709 1.1564 -0.1258 
-0.0677 0.8933 -0.0832 
-0.0783 0.5428 -0.0768 
-0.0741 0.1593 -0.0587 
-0.0581 -0.1922 -0.0065 
-0.0432 -0.5193 0.0371 
-0.0272 -0.8580 0.0531 
-0.0059 -1.1766 0.0787 
0.0176 -1.4173 0.1298 
0.0282 -1.5995 0.1724 
0.0303 -1.6943 0.1969 
0.0218 -1.6634 0.2150 
-0.0069 -1.5004 0.2299 
-0.0474 -1.2405 0.2150 
-0.0698 -0.8996 0.1724 
-0.0709 -0.5033 0.1256 
-0.0826 -0.1092 0.0403 
-0.0922 0.2626 -0.0374 
-0.1039 0.6014 -0.0918 
-0.1156 0.8805 -0.1418 
-0.1284 1.0967 -0.1919 
-0.1284 1.2661 -0.2207 
-0.1316 1.3907 -0.2345 
-0.1380 1.4610 -0.2356 
-0.1369 1.4738 -0.2313 
-0.1241 1.4323 -0.2292 
-0.0985 1.3726 -0.2047 
-0.0719 1.3044 -0.1685 
-0.0538 1.2096 -0.1386 
-0.0378 1.0797 -0.1227 
-0.0123 0.9518 -0.1109 
0.0165 0.8421 -0.0918 
0.0240 0.7324 -0.0726 
0.0282 0.6195 -0.0502 
0.0282 0.5012 -0.0278 
0.0293 0.3947 -0.0087 
0.0176 0.2999 0.0073 
-0.0112 0.2136 0.0126 
-0.0282 0.1390 0.0190 
-0.0304 0.0698 0.0318 
-0.0176 0.0038 0.0425 
-0.0005 -0.0484 0.0521 
0.0101 -0.0825 0.0552 
0.0112 -0.0953 0.0574 
0.0122 -0.0943 0.0595 
0.0144 -0.0921 0.0574 
0.0229 -0.0900 0.0552 
0.0261 -0.0836 0.0616 
0.0208 -0.0761 0.0723 
0.0122 -0.0698 0.0755 
0.0080 -0.0655 0.0680 
0.0101 -0.0580 0.0552 
0.0165 -0.0452 0.0499 
0.0197 -0.0335 0.0457 
0.0154 -0.0261 0.0371 
0.0101 -0.0186 0.0254 
0.0112 -0.0058 0.0190 
0.0218 0.0016 0.0116 
