-0.0089 0.0057 0.0059 
-0.0057 0.0068 0.0037 
-0.0003 0.0025 -0.0005 
0.0050 -0.0039 -0.0016 
0.0071 -0.0071 -0.0037 
0.0071 -0.0060 -0.0048 
0.0050 -0.0017 -0.0069 
0.0007 0.0025 -0.0080 
-0.0025 0.0057 -0.0069 
-0.0035 0.0025 -0.0058 
-0.0025 -0.0039 -0.0037 
-0.0014 -0.0135 -0.0048 
-0.0004 -0.0305 -0.0112 
0.0092 -0.0720 -0.0197 
0.0284 -0.1722 -0.0271 
0.0646 -0.3842 -0.0080 
0.0721 -0.6814 0.0229 
0.0625 -0.9520 0.0549 
0.0348 -1.1373 0.0794 
0.0252 -1.2066 0.1092 
0.0188 -1.2034 0.0996 
0.0124 -1.1437 0.0687 
0.0060 -1.0244 0.0474 
0.0028 -0.8731 0.0336 
0.0039 -0.7208 0.0144 
0.0146 -0.5812 -0.0048 
0.0252 -0.4555 -0.0229 
0.0327 -0.3522 -0.0357 
0.0369 -0.2851 -0.0484 
0.0337 -0.2414 -0.0591 
0.0188 -0.2009 -0.0612 
0.0007 -0.1658 -0.0623 
-0.0185 -0.1392 -0.0655 
-0.0280 -0.1157 -0.0634 
-0.0334 -0.0902 -0.0580 
-0.0398 -0.0657 -0.0495 
-0.0504 -0.0529 -0.0431 
-0.0600 -0.0593 -0.0410 
-0.0674 -0.0806 -0.0485 
-0.0696 -0.0902 -0.0495 
-0.0728 -0.0785 -0.0421 
-0.0856 -0.0593 -0.0314 
-0.1111 -0.0550 -0.0250 
-0.1527 -0.0561 -0.0133 
-0.2187 -0.0433 0.0101 
-0.3061 -0.0188 0.0346 
-0.4115 -0.0039 0.0517 
-0.5106 -0.0113 0.0602 
-0.5862 -0.0305 0.0719 
-0.6406 -0.0369 0.0879 
-0.6789 -0.0220 0.1060 
-0.6949 -0.0081 0.1092 
-0.6768 -0.0145 0.0975 
-0.6438 -0.0231 0.0900 
-0.5979 -0.0156 0.0975 
-0.5436 0.0068 0.1071 
-0.4893 0.0217 0.1007 
-0.4254 0.0206 0.0847 
-0.3593 0.0153 0.0719 
-0.3082 0.0185 0.0719 
-0.2805 0.0313 0.0804 
-0.2635 0.0398 0.0762 
-0.2411 0.0355 0.0623 
-0.2049 0.0270 0.0517 
-0.1623 0.0238 0.0442 
-0.1282 0.0334 0.0410 
-0.1101 0.0515 0.0325 
-0.0941 0.0686 0.0240 
-0.0834 0.0728 0.0133 
-0.0866 0.0696 -0.0037 
-0.0951 0.0792 -0.0069 
-0.0994 0.1048 0.0016 
-0.0930 0.1495 0.0122 
-0.0696 0.1964 0.0122 
-0.0376 0.2539 0.0091 
-0.0078 0.3221 0.0091 
0.0156 0.4148 0.0165 
0.0370 0.5309 0.0304 
0.0519 0.6513 0.0389 
0.0625 0.7652 0.0389 
0.0764 0.8654 0.0442 
0.0870 0.9517 0.0485 
0.0998 1.0326 0.0538 
0.1105 1.0933 0.0559 
0.1168 1.1029 0.0495 
0.1190 1.0731 0.0485 
0.1264 1.0337 0.0602 
0.1307 0.9794 0.0708 
0.1232 0.8963 0.0826 
0.1062 0.7908 0.0911 
0.0998 0.6928 0.0975 
0.0934 0.6022 0.0953 
0.0774 0.5170 0.0911 
0.0551 0.4446 0.0932 
0.0370 0.3732 0.0964 
0.0210 0.2944 0.0889 
0.0220 0.2188 0.0857 
0.0263 0.1495 0.0868 
0.0252 0.0909 0.0889 
0.0263 0.0483 0.0857 
0.0274 0.0206 0.0730 
0.0274 0.0025 0.0655 
0.0263 -0.0103 0.0634 
0.0274 -0.0167 0.0591 
0.0391 -0.0188 0.0538 
0.0657 -0.0199 0.0442 
0.1083 -0.0220 0.0335 
0.1499 -0.0284 0.0154 
0.2042 -0.0433 0.0016 
0.2681 -0.0721 -0.0250 
0.4002 -0.1157 -0.0698 
0.5738 -0.1594 -0.1049 
0.6814 -0.1797 -0.0826 
0.7102 -0.1701 -0.0314 
0.7006 -0.1392 0.0048 
0.6814 -0.1083 0.0154 
0.6399 -0.0902 0.0144 
0.5728 -0.0849 -0.0027 
0.5153 -0.0817 -0.0187 
0.4588 -0.0763 -0.0272 
0.3992 -0.0763 -0.0272 
0.3416 -0.0902 -0.0336 
0.3033 -0.1094 -0.0506 
0.2894 -0.1126 -0.0613 
0.2692 -0.1008 -0.0496 
0.2479 -0.0912 -0.0314 
0.2181 -0.0902 -0.0283 
0.1850 -0.0827 -0.0261 
0.1478 -0.0678 -0.0208 
0.1169 -0.0486 -0.0123 
0.0860 -0.0327 -0.0101 
0.0540 -0.0177 -0.0133 
0.0274 -0.0028 -0.0101 
0.0157 0.0036 -0.0027 
0.0050 0.0036 0.0026 
-0.0067 0.0046 0.0080 
-0.0046 0.0014 0.0133 
0.0157 -0.0209 0.0090 
0.0476 -0.0497 0.0069 
0.0679 -0.0593 0.0154 
0.0679 -0.0465 0.0250 
0.0487 -0.0295 0.0207 
0.0306 -0.0146 0.0111 
