-0.0216 -0.0178 -0.0017 
-0.0131 -0.0231 0.0004 
-0.0024 -0.0220 0.0026 
0.0040 -0.0146 0.0036 
0.0083 -0.0039 0.0015 
0.0083 0.0078 -0.0060 
0.0051 0.0184 -0.0049 
0.0040 0.0270 -0.0006 
-0.0013 0.0344 0.0058 
-0.0120 0.0451 0.0164 
-0.0376 0.0696 0.0313 
-0.0695 0.1218 0.0505 
-0.1100 0.2070 0.0612 
-0.1569 0.3146 0.0590 
-0.2048 0.4179 0.0516 
-0.2442 0.5031 0.0526 
-0.2783 0.5671 0.0516 
-0.2996 0.6203 0.0516 
-0.3007 0.6629 0.0452 
-0.2922 0.6896 0.0367 
-0.2794 0.7130 0.0377 
-0.2666 0.7364 0.0441 
-0.2570 0.7428 0.0452 
-0.2485 0.7300 0.0452 
-0.2453 0.6874 0.0399 
-0.2463 0.6235 0.0420 
-0.2410 0.5489 0.0441 
-0.2218 0.4733 0.0388 
-0.1952 0.3966 0.0292 
-0.1601 0.3146 0.0249 
-0.1313 0.2272 0.0153 
-0.1025 0.1495 0.0143 
-0.0834 0.0813 0.0143 
-0.0695 0.0227 0.0122 
-0.0652 -0.0252 0.0090 
-0.0642 -0.0615 0.0058 
-0.0610 -0.0913 0.0036 
-0.0621 -0.1222 -0.0006 
-0.0599 -0.1541 -0.0070 
-0.0546 -0.1914 -0.0124 
-0.0450 -0.2308 -0.0198 
-0.0471 -0.2766 -0.0337 
-0.0567 -0.3395 -0.0497 
-0.0652 -0.4205 -0.0582 
-0.0738 -0.5110 -0.0656 
-0.0738 -0.6026 -0.0710 
-0.0674 -0.6921 -0.0784 
-0.0599 -0.7795 -0.0859 
-0.0503 -0.8636 -0.0901 
-0.0450 -0.9424 -0.0987 
-0.0386 -0.9957 -0.0987 
-0.0343 -1.0213 -0.0891 
-0.0322 -1.0191 -0.0752 
-0.0322 -0.9989 -0.0614 
-0.0397 -0.9723 -0.0497 
-0.0695 -0.9510 -0.0678 
-0.0727 -0.9211 -0.0955 
-0.0535 -0.8775 -0.1264 
-0.0152 -0.8221 -0.1530 
0.0200 -0.7571 -0.1700 
0.0445 -0.6900 -0.1743 
0.0445 -0.6154 -0.1679 
0.0370 -0.5344 -0.1487 
0.0317 -0.4609 -0.1370 
0.0381 -0.3981 -0.1370 
0.0541 -0.3395 -0.1349 
0.0679 -0.2799 -0.1221 
0.0743 -0.2117 -0.1040 
0.0765 -0.1360 -0.0870 
0.0797 -0.0615 -0.0667 
0.0892 0.0046 -0.0571 
0.1180 0.0706 -0.0539 
0.1425 0.1388 -0.0433 
0.1596 0.2048 -0.0326 
0.1787 0.2741 -0.0337 
0.2054 0.3486 -0.0401 
0.2331 0.4115 -0.0475 
0.2586 0.4605 -0.0571 
0.2821 0.5020 -0.0667 
0.3183 0.5404 -0.0848 
0.3747 0.5670 -0.1040 
0.4216 0.5734 -0.0976 
0.4365 0.5606 -0.0742 
0.4472 0.5340 -0.0486 
0.4248 0.4946 -0.0230 
0.3865 0.4467 0.0110 
0.3502 0.3881 0.0355 
0.3055 0.3284 0.0537 
0.2608 0.2794 0.0654 
0.2299 0.2453 0.0622 
0.2320 0.2229 0.0504 
0.2320 0.2070 0.0419 
0.2256 0.1899 0.0377 
0.2086 0.1697 0.0259 
0.1777 0.1516 0.0057 
0.1542 0.1441 -0.0007 
0.1361 0.1430 0.0100 
0.1308 0.1356 0.0185 
0.1233 0.1111 0.0132 
0.1031 0.0781 0.0068 
0.0669 0.0482 0.0132 
0.0317 0.0248 0.0196 
0.0083 0.0088 0.0270 
-0.0141 0.0003 0.0302 
-0.0301 -0.0040 0.0334 
-0.0375 -0.0082 0.0291 
-0.0301 -0.0103 0.0206 
-0.0215 -0.0082 0.0142 
-0.0215 -0.0018 0.0174 
-0.0290 0.0067 0.0227 
