0.0099 -0.0019 -0.0034 
0.0077 -0.0072 -0.0034 
0.0056 -0.0094 -0.0013 
0.0024 -0.0136 -0.0013 
0.0056 -0.0179 -0.0024 
0.0205 -0.0200 -0.0056 
0.0493 -0.0094 -0.0120 
0.0791 0.0130 -0.0226 
0.0993 0.0418 -0.0333 
0.1111 0.0769 -0.0439 
0.1409 0.1313 -0.0716 
0.1686 0.2175 -0.0951 
0.1750 0.3230 -0.1036 
0.1686 0.4306 -0.1100 
0.1494 0.5286 -0.1100 
0.1196 0.6042 -0.1025 
0.0791 0.6522 -0.0833 
0.0280 0.6799 -0.0567 
-0.0402 0.7044 -0.0258 
-0.1276 0.7171 0.0061 
-0.2170 0.7118 0.0338 
-0.3086 0.6948 0.0562 
-0.3928 0.6703 0.0786 
-0.4823 0.6309 0.0924 
-0.5867 0.5701 0.0914 
-0.7007 0.4870 0.0764 
-0.8072 0.3933 0.0562 
-0.8700 0.2996 0.0306 
-0.8690 0.2016 0.0040 
-0.8221 0.0929 -0.0280 
-0.7348 -0.0296 -0.0514 
-0.6336 -0.1553 -0.0610 
-0.5270 -0.2768 -0.0525 
-0.4429 -0.3929 -0.0450 
-0.3971 -0.4983 -0.0450 
-0.3758 -0.5995 -0.0461 
-0.3640 -0.7029 -0.0365 
-0.3534 -0.8041 -0.0258 
-0.3214 -0.8861 -0.0184 
-0.2788 -0.9404 -0.0163 
-0.2266 -0.9660 -0.0173 
-0.1552 -0.9596 -0.0088 
-0.0775 -0.9308 -0.0013 
0.0109 -0.8935 0.0008 
0.1100 -0.8435 -0.0035 
0.2229 -0.7732 -0.0237 
0.3561 -0.6911 -0.0482 
0.4626 -0.6240 -0.0695 
0.5457 -0.5804 -0.0834 
0.5979 -0.5399 -0.0962 
0.6299 -0.4898 -0.1025 
0.6405 -0.4280 -0.1057 
0.6331 -0.3545 -0.1153 
0.6405 -0.2746 -0.1313 
0.6458 -0.1862 -0.1462 
0.6245 -0.0903 -0.1494 
0.5947 0.0141 -0.1452 
0.5681 0.1195 -0.1505 
0.5489 0.2122 -0.1601 
0.5351 0.2889 -0.1686 
0.5063 0.3560 -0.1771 
0.4733 0.4242 -0.1750 
0.4413 0.4902 -0.1601 
0.3934 0.5552 -0.1420 
0.3348 0.5999 -0.1249 
0.2858 0.6138 -0.1185 
0.2560 0.6063 -0.1068 
0.2315 0.5840 -0.0876 
0.2027 0.5435 -0.0599 
0.1643 0.4870 -0.0354 
0.1175 0.4284 -0.0109 
0.0663 0.3720 0.0136 
0.0109 0.3208 0.0338 
-0.0540 0.2793 0.0519 
-0.1137 0.2484 0.0615 
-0.1584 0.2282 0.0572 
-0.1797 0.2079 0.0477 
-0.1861 0.1909 0.0381 
-0.1712 0.1749 0.0317 
-0.1520 0.1493 0.0146 
-0.1275 0.1142 -0.0024 
-0.1084 0.0726 -0.0088 
-0.0966 0.0268 -0.0088 
-0.0764 -0.0158 -0.0035 
-0.0508 -0.0520 -0.0003 
-0.0306 -0.0786 0.0018 
-0.0189 -0.0946 0.0050 
-0.0146 -0.1010 0.0040 
-0.0061 -0.0999 -0.0024 
-0.0008 -0.0925 -0.0141 
0.0035 -0.0776 -0.0184 
0.0024 -0.0595 -0.0141 
-0.0061 -0.0424 -0.0109 
-0.0167 -0.0296 -0.0067 
-0.0274 -0.0211 -0.0045 
