-0.0143 0.0039 0.0074 
-0.0100 0.0007 0.0042 
-0.0068 -0.0025 0.0010 
-0.0015 -0.0142 -0.0033 
0.0113 -0.0344 -0.0065 
0.0241 -0.0547 -0.0097 
0.0347 -0.0760 -0.0161 
0.0475 -0.0962 -0.0257 
0.0561 -0.1207 -0.0331 
0.0592 -0.1548 -0.0374 
0.0539 -0.2102 -0.0384 
0.0379 -0.2816 -0.0416 
0.0145 -0.3444 -0.0448 
-0.0153 -0.3923 -0.0523 
-0.0420 -0.4339 -0.0608 
-0.0771 -0.4904 -0.0693 
-0.1208 -0.5628 -0.0778 
-0.1687 -0.6310 -0.0757 
-0.2092 -0.6832 -0.0587 
-0.2380 -0.7215 -0.0406 
-0.2689 -0.7354 -0.0267 
-0.3029 -0.7141 -0.0161 
-0.3488 -0.6619 -0.0033 
-0.3988 -0.5820 0.0202 
-0.4510 -0.4701 0.0468 
-0.5096 -0.3242 0.0788 
-0.5735 -0.1559 0.1086 
-0.6353 0.0135 0.1384 
-0.7077 0.1722 0.1608 
-0.7440 0.3118 0.1682 
-0.7291 0.4332 0.1661 
-0.6864 0.5355 0.1650 
-0.6385 0.6175 0.1704 
-0.5831 0.6825 0.1693 
-0.5000 0.7304 0.1576 
-0.3914 0.7560 0.1352 
-0.2731 0.7731 0.1182 
-0.1634 0.8029 0.1118 
-0.0601 0.8380 0.0969 
0.0369 0.8476 0.0692 
0.1327 0.8466 0.0340 
0.2446 0.8625 0.0212 
0.3245 0.8625 0.0127 
0.3799 0.8242 -0.0001 
0.4310 0.7571 -0.0225 
0.4726 0.6761 -0.0352 
0.4949 0.5834 -0.0278 
0.5173 0.4801 -0.0171 
0.5621 0.3704 -0.0267 
0.6164 0.2564 -0.0288 
0.6473 0.1382 -0.0150 
0.6803 0.0188 -0.0097 
0.7176 -0.0877 -0.0097 
0.7453 -0.1804 -0.0054 
0.7655 -0.2592 0.0052 
0.7527 -0.3220 0.0138 
0.7059 -0.3668 0.0255 
0.6547 -0.3934 0.0319 
0.6143 -0.4051 0.0223 
0.5706 -0.3977 0.0159 
0.5205 -0.3838 0.0191 
0.4640 -0.3774 0.0223 
0.4012 -0.3774 0.0202 
0.3320 -0.3838 0.0170 
0.2595 -0.3923 0.0212 
0.1849 -0.3998 0.0297 
0.1146 -0.4115 0.0340 
0.0529 -0.4275 0.0340 
0.0113 -0.4371 0.0340 
0.0039 -0.4414 0.0255 
0.0177 -0.4371 0.0191 
0.0273 -0.4286 0.0169 
0.0230 -0.4179 0.0223 
0.0071 -0.4009 0.0233 
-0.0068 -0.3742 0.0233 
-0.0196 -0.3466 0.0169 
-0.0345 -0.3189 0.0084 
-0.0537 -0.2826 0.0031 
-0.0792 -0.2390 0.0010 
-0.1069 -0.1932 -0.0012 
-0.1261 -0.1452 -0.0076 
-0.1218 -0.0994 -0.0203 
-0.0984 -0.0536 -0.0289 
-0.0718 -0.0153 -0.0299 
-0.0537 0.0071 -0.0267 
-0.0451 0.0188 -0.0161 
-0.0387 0.0252 -0.0044 
-0.0356 0.0263 0.0052 
-0.0377 0.0242 0.0127 
-0.0398 0.0210 0.0137 
-0.0366 0.0178 0.0105 
-0.0302 0.0188 0.0084 
-0.0196 0.0210 0.0095 
-0.0132 0.0220 0.0116 
-0.0057 0.0220 0.0116 
