0.0080 -0.0053 0.0090 
0.0070 -0.0043 0.0080 
0.0048 -0.0021 0.0037 
0.0027 0.0011 -0.0005 
0.0016 0.0032 -0.0005 
0.0027 0.0021 -0.0027 
0.0027 -0.0043 -0.0037 
-0.0005 -0.0149 -0.0091 
-0.0069 -0.0245 -0.0080 
-0.0122 -0.0362 -0.0016 
-0.0154 -0.0511 0.0027 
-0.0154 -0.0554 0.0080 
-0.0133 -0.0341 0.0069 
-0.0090 0.0469 -0.0005 
-0.0122 0.2152 -0.0027 
-0.0314 0.4772 -0.0091 
-0.0538 0.8064 -0.0368 
-0.0612 1.1547 -0.0783 
-0.0751 1.4402 -0.1262 
-0.0868 1.6171 -0.1518 
-0.0985 1.6767 -0.1561 
-0.1123 1.6139 -0.1518 
-0.1070 1.5297 -0.1220 
-0.1006 1.4349 -0.0900 
-0.1028 1.3262 -0.0730 
-0.1102 1.2069 -0.0634 
-0.1145 1.0535 -0.0602 
-0.1209 0.8341 -0.0602 
-0.1209 0.5603 -0.0517 
-0.1123 0.2525 -0.0293 
-0.0985 -0.0799 -0.0016 
-0.0814 -0.4069 0.0325 
-0.0697 -0.7074 0.0623 
-0.0655 -0.9673 0.0804 
-0.0612 -1.1771 0.0889 
-0.0633 -1.3593 0.0943 
-0.0708 -1.5372 0.0996 
-0.0825 -1.6810 0.1092 
-0.0644 -1.7428 0.1497 
-0.0601 -1.7566 0.1763 
-0.0601 -1.7321 0.1880 
-0.0484 -1.6054 0.1955 
-0.0378 -1.4030 0.1880 
-0.0442 -1.2102 0.1347 
-0.0484 -1.0280 0.0857 
-0.0527 -0.8384 0.0538 
-0.0527 -0.6338 0.0314 
-0.0442 -0.4176 0.0080 
-0.0410 -0.1907 -0.0293 
-0.0442 0.0426 -0.0634 
-0.0495 0.2620 -0.0943 
-0.0516 0.4485 -0.1273 
-0.0484 0.5976 -0.1593 
-0.0495 0.7105 -0.1806 
-0.0484 0.8032 -0.1827 
-0.0506 0.8703 -0.1763 
-0.0527 0.8948 -0.1710 
-0.0527 0.8810 -0.1657 
-0.0495 0.8479 -0.1497 
-0.0399 0.7798 -0.1337 
-0.0218 0.6455 -0.1305 
0.0016 0.4751 -0.1177 
0.0315 0.3121 -0.0730 
0.0464 0.1736 -0.0219 
0.0432 0.0596 0.0175 
0.0240 -0.0341 0.0389 
0.0048 -0.1076 0.0506 
-0.0058 -0.1577 0.0612 
-0.0143 -0.1864 0.0729 
-0.0218 -0.1982 0.0847 
-0.0314 -0.1992 0.0974 
-0.0537 -0.1939 0.1049 
-0.0814 -0.1864 0.1038 
-0.0846 -0.1620 0.0921 
-0.0697 -0.1129 0.0751 
-0.0548 -0.0576 0.0580 
-0.0505 -0.0096 0.0474 
-0.0516 0.0170 0.0346 
-0.0442 0.0213 0.0207 
-0.0271 0.0117 0.0133 
-0.0122 -0.0032 0.0122 
-0.0037 -0.0160 0.0143 
-0.0005 -0.0256 0.0175 
